100
1 0.7631130032080883 0.328950690891178 
2 0.40786291473067193 0.25854239239693405 
3 0.8356891989336689 0.7499207050801037 
4 0.4112440378920059 0.2824117640817436 
5 0.5041856787104114 0.4061877787380801 
6 0.7747692123350647 0.3237552826140266 
7 0.43797186795394893 0.2552113142549949 
8 0.5436156186042089 0.41827773268943613 
9 0.8693476777532457 0.7745012094268553 
10 0.8220545188406985 0.7389969652443431 
11 0.511804812728883 0.41878268190847734 
12 0.8517429418727478 0.776813827617886 
13 0.4234214344705933 0.25073502550623283 
14 0.8252889523190785 0.3300901401117513 
15 0.7991141987407729 0.315830929830752 
16 0.8170069454817196 0.7495316168088925 
17 0.4412696849310084 0.25413131987739 
18 0.49147429159353206 0.4120642730437681 
19 0.7790410982951251 0.3139298972331739 
20 0.42430548238141547 0.26824314205541405 
21 0.5045692134107733 0.4059301623377824 
22 0.44589206849731466 0.2341533966174054 
23 0.8728123024880261 0.7368254182933222 
24 0.7937915824712796 0.2870893284579403 
25 0.4399853328092045 0.23201371546456714 
26 0.768797914758884 0.2951034299767965 
27 0.5299793309991059 0.41558328399615363 
28 0.7717388069872588 0.29596673810150415 
29 0.4216799873463705 0.284230678866474 
30 0.8402468562906777 0.7434708938733643 
31 0.4063233776970955 0.28388333151430223 
32 0.8507691772091266 0.7278931207985277 
33 0.44016128715331315 0.2646393416604609 
34 0.8662942235740504 0.7616580967815941 
35 0.8327734514135426 0.7674426324562609 
36 0.8476049163259091 0.7586951917068703 
37 0.4170194442147202 0.24142494400266548 
38 0.8475167495149274 0.7566603437125665 
39 0.7622203890863425 0.2828958268261273 
40 0.8485311648500734 0.7801231159029739 
41 0.5061704887302433 0.40710236304550484 
42 0.7907864325879553 0.30507785159011325 
43 0.7884053740564921 0.31729808201428383 
44 0.8022339104543356 0.2735767730088506 
45 0.4171705481218441 0.24894286398218002 
46 0.8466268796762588 0.7490532148809905 
47 0.4140658954171107 0.2688461768084284 
48 0.7825101289784959 0.3011150090566788 
49 0.8095794372042235 0.2846060998381342 
50 0.5020798422785208 0.3924551871574152 
51 0.5249282758426793 0.4245999654213143 
52 0.7830504883225043 0.28919475746031703 
53 0.8363361888510062 0.7556427446259782 
54 0.7760857404088191 0.3136222526599343 
55 0.4834750744198542 0.3872238315770533 
56 0.4172525646232308 0.24379209475264582 
57 0.786848184848624 0.2976737922603938 
58 0.4176415199269534 0.250164915648467 
59 0.4106646491475989 0.2473320591263511 
60 0.8148422663112515 0.30954763391965845 
61 0.7872098755972666 0.2789996996346985 
62 0.4091738304019933 0.262991724654693 
63 0.38990571275994595 0.26966101447786633 
64 0.8580283191661398 0.7457867037570789 
65 0.5138920915435108 0.40067720993448175 
66 0.806708638259528 0.3591189963302365 
67 0.8487374402681702 0.7509068737682615 
68 0.8252213696538533 0.7715722299051481 
69 0.513925255481862 0.4049906491756079 
70 0.8676922252237107 0.755051004631287 
71 0.8522401382971952 0.7778690899188458 
72 0.4294507009047369 0.24988614121193284 
73 0.44534611464346424 0.27695951183355466 
74 0.7815152388324138 0.3009523670270594 
75 0.7861857390713405 0.2959381829004316 
76 0.5239498874220431 0.4190268592454786 
77 0.5180595173736252 0.4109240293052781 
78 0.854654725155354 0.7607398181493801 
79 0.4759760932146227 0.39137856250774683 
80 0.8670917026474845 0.7252022451275029 
81 0.7758951039247935 0.27052157126059995 
82 0.7702913750691126 0.31725998376867637 
83 0.4113746787206489 0.2680469876194092 
84 0.4287698423558741 0.27035460378834764 
85 0.5084827931241502 0.3910127520878498 
86 0.8534582153401301 0.7603474924186765 
87 0.48106414379552603 0.4410317959314074 
88 0.4157719865596449 0.27607629634833214 
89 0.43283173257748325 0.2534969695686141 
90 0.8347748857806491 0.7860326013592777 
91 0.5051269218560167 0.4085844657162628 
92 0.7542404751395223 0.30818395427860046 
93 0.5167846901785542 0.4103975525718212 
94 0.771937825193896 0.3092126654816345 
95 0.4397736669552738 0.24831137442609763 
96 0.8004609569722345 0.25803221941393834 
97 0.8504400606395545 0.7605962726538944 
98 0.4223903142705362 0.25965216514985834 
99 0.7716768779562075 0.2988213455924954 
100 0.7896924053303215 0.2792883668202498 

